0.7375 -0.931679071002229
0.73745737319154 -0.93
0.737478062610384 -0.91
0.7375 -0.909280060207094
0.737995407492519 -0.89
0.738954708280944 -0.87
0.740568866495807 -0.85
0.7425 -0.835624202915129
0.743124183920525 -0.83
0.746158154596293 -0.81
0.7475 -0.801791172751244
0.749116149581824 -0.79
0.751804479451696 -0.77
0.7525 -0.765052957955288
0.75433761597687 -0.75
0.7575 -0.730850495334885
0.757635726520301 -0.73
0.761793435651108 -0.71
0.7625 -0.70723526961053
0.7675 -0.69074503443639
0.767772218390246 -0.69
0.7725 -0.676696424734313
0.775758412891293 -0.67
0.7775 -0.665856179501982
0.7825 -0.65657327179037
0.786731574051653 -0.65
0.7875 -0.64857334935232
0.7925 -0.639728954787386
0.7975 -0.633485031633833
0.801605062824133 -0.63
0.8025 -0.629016057975561
0.8075 -0.624541587998568
0.8125 -0.620768284223058
0.8175 -0.618336455495571
0.8225 -0.618051513102731
0.8275 -0.620049974184605
0.8325 -0.624391098847825
0.836691428316196 -0.63
0.8375 -0.630973297640377
0.8425 -0.63779600056695
0.8475 -0.644869930862202
0.851685252095684 -0.65
0.8525 -0.650787836116884
0.8575 -0.654261359505958
0.8625 -0.658221336789772
0.8675 -0.6652867850113
0.869679348233729 -0.67
0.8725 -0.674947017425275
0.8775 -0.685880974814943
0.879353961717728 -0.69
0.8825 -0.695876748788476
0.8875 -0.707031456971408
0.888736522791049 -0.71
0.8925 -0.719795834691067
0.895559784103879 -0.73
0.8975 -0.736295646216936
0.901445902373181 -0.75
0.9025 -0.753233688737373
0.9075 -0.769700625147345
0.907583271242601 -0.77
0.9125 -0.788289087246001
0.91287377215917 -0.79
0.916486076004146 -0.81
0.9175 -0.818371844896258
0.918948399693403 -0.83
0.920602380782235 -0.85
0.921574312056262 -0.87
0.922218996053504 -0.89
0.9225 -0.898540360212925
0.922931402849154 -0.91
0.923656183244083 -0.93
0.924128823498836 -0.95
0.924350047298443 -0.97
0.924341523175236 -0.99
0.924002250022875 -1.01
0.923283728515392 -1.03
0.9225 -1.0477575926676
0.922421680457718 -1.05
0.921750177932491 -1.07
0.920844802731781 -1.09
0.919591203853137 -1.11
0.91837898211629 -1.13
0.9175 -1.14474694788676
0.917248369834083 -1.15
0.915706605631195 -1.17
0.912939818160774 -1.19
0.9125 -1.19231072573368
0.90863884745149 -1.21
0.9075 -1.21418467076347
0.903017227227288 -1.23
0.9025 -1.23192000476687
0.898862289069197 -1.25
0.8975 -1.25712460079153
0.8953621335484 -1.27
0.8925 -1.28643358300372
0.891841784749257 -1.29
0.888519815257417 -1.31
0.8875 -1.31588776786354
0.884672236632178 -1.33
0.8825 -1.33760768062777
0.878312231662439 -1.35
0.8775 -1.35185885504777
0.8725 -1.35824426815807
0.8675 -1.36450655481549
0.862735543696571 -1.37
0.8625 -1.37031997786219
0.8575 -1.37647491568455
0.8525 -1.3824330330366
0.8475 -1.38782597611931
0.843625637286807 -1.39
0.8425 -1.3908291669888
0.8375 -1.39155759219896
0.8325 -1.39117558189558
0.828791425580449 -1.39
0.8275 -1.38973591802193
0.8225 -1.38803904756528
0.8175 -1.38627927484352
0.8125 -1.38407950648532
0.8075 -1.37970211924333
0.8025 -1.371196974737
0.801958390315267 -1.37
0.7975 -1.36087109820852
0.793362830335142 -1.35
0.7925 -1.3480201317498
0.7875 -1.33549192239454
0.785370943821951 -1.33
0.7825 -1.32402301313574
0.7775 -1.31580848354648
0.773826962300111 -1.31
0.7725 -1.30793534949979
0.7675 -1.29414740118767
0.766626876531373 -1.29
0.76348329425712 -1.27
0.7625 -1.26150194658203
0.761194016925196 -1.25
0.759027162488928 -1.23
0.7575 -1.21751205512541
0.756275189728032 -1.21
0.752858145694492 -1.19
0.7525 -1.18762534067562
0.749676952779503 -1.17
0.747639932532713 -1.15
0.7475 -1.14860954226813
0.745562391279614 -1.13
0.743585413848239 -1.11
0.7425 -1.09398648522441
0.742223648858126 -1.09
0.741588297130897 -1.07
0.741429911871428 -1.05
0.741024272074407 -1.03
0.74009645854819 -1.01
0.739096011131998 -0.99
0.738367159794063 -0.97
0.737832355237564 -0.95
0.7375 -0.931679071002229


0.7775 -1.04753970276599
0.775949375832196 -1.03
0.774800871428631 -1.01
0.774285024046415 -0.99
0.774268751353524 -0.97
0.774574345876874 -0.95
0.775166239625453 -0.93
0.776119054148901 -0.91
0.777415312307276 -0.89
0.7775 -0.889095865528511
0.779247016827619 -0.87
0.781989078868185 -0.85
0.7825 -0.847247474873323
0.786032271864902 -0.83
0.7875 -0.824119926861777
0.791621287887729 -0.81
0.7925 -0.807242456809394
0.7975 -0.793933504561621
0.799239071590427 -0.79
0.8025 -0.782357234663451
0.8075 -0.773514437216913
0.810783415700564 -0.77
0.8125 -0.76806827424888
0.8175 -0.764678211845196
0.8225 -0.761980739219133
0.8275 -0.759480423565044
0.8325 -0.758305734912344
0.8375 -0.760002963990578
0.8425 -0.765185573062638
0.845484276017595 -0.77
0.8475 -0.773042276704157
0.8525 -0.781961979540252
0.856645144359806 -0.79
0.8575 -0.791602399515349
0.8625 -0.801845131320374
0.865571363404431 -0.81
0.8675 -0.816059893224286
0.870945396831952 -0.83
0.8725 -0.837484794571734
0.874970963700377 -0.85
0.8775 -0.864872625515398
0.878385587398621 -0.87
0.881290320709123 -0.89
0.8825 -0.900336142362366
0.88367796767318 -0.91
0.885520885649981 -0.93
0.886509037334999 -0.95
0.886783617227225 -0.97
0.886721213569861 -0.99
0.88649150924613 -1.01
0.885792497265515 -1.03
0.884215131017887 -1.05
0.8825 -1.06478834547569
0.881912185752423 -1.07
0.87955874205065 -1.09
0.8775 -1.10582179867811
0.876922087514691 -1.11
0.873448133709699 -1.13
0.8725 -1.13457999453929
0.86894193144171 -1.15
0.8675 -1.15602028072192
0.863834365588887 -1.17
0.8625 -1.17467143284107
0.8575 -1.18802391473972
0.856415580204288 -1.19
0.8525 -1.19663359958947
0.8475 -1.20222294666154
0.8425 -1.20653035905129
0.838138497696467 -1.21
0.8375 -1.21062102941122
0.8325 -1.2139247626965
0.8275 -1.21409110203718
0.8225 -1.21082673056451
0.821766582711151 -1.21
0.8175 -1.2055587931056
0.8125 -1.19827033058913
0.808338514153784 -1.19
0.8075 -1.18836382415119
0.8025 -1.1763007353228
0.800344555806453 -1.17
0.7975 -1.16170199121676
0.794357683447228 -1.15
0.7925 -1.14222698343793
0.790075715151146 -1.13
0.7875 -1.11545351568766
0.786514624460621 -1.11
0.783107750609997 -1.09
0.7825 -1.08599740185714
0.780057633451406 -1.07
0.777726892253375 -1.05
0.7775 -1.04753970276599


