-1.055              -0.118429023116627
-1.06129884061025   -0.05
-1.06448588152713   0.05
-1.055              0.0755441087055585
-1.045              0.0846450701744268
-1.035              0.0788979719274312
-1.025              0.0684972414327844
-1.0170079325547    0.05
-1.015              0.0461667764696104
-1.005              0.0227075746400094
-0.995              0.00202036408982947
-0.985              -0.0315989827625366
-0.981161571229096  -0.05
-0.975              -0.0731741129863966
-0.965              -0.10326577878851
-0.955              -0.131091221430216
-0.949039064114806  -0.15
-0.945              -0.160644614099706
-0.935              -0.192564627215948
-0.925              -0.237470612160683
-0.922811382010824  -0.25
-0.915              -0.286463502026121
-0.905              -0.344108965697409
-0.904005955994596  -0.35
-0.895              -0.391286586876478
-0.885              -0.437315602931259
-0.882265833545281  -0.45
-0.875              -0.479017624105493
-0.865              -0.528317179854048
-0.861520658055699  -0.55
-0.855              -0.586759576426204
-0.845066193665918  -0.65
-0.845              -0.650435811695632
-0.835              -0.707269851072512
-0.828169894245924  -0.75
-0.825              -0.7720790104454
-0.815              -0.839284176580414
-0.813474591114187  -0.85
-0.805              -0.915722587300517
-0.8009324689474    -0.95
-0.795              -1.01618838395787
-0.791969422263843  -1.05
-0.786592569782208  -1.15
-0.785              -1.19197683901961
-0.776462722909396  -1.25
-0.775              -1.26882359395391
-0.770508178783092  -1.35
-0.775              -1.37434444534282
-0.785              -1.3513427383401
-0.786206480617287  -1.35
-0.795              -1.33873838230346
-0.805              -1.34379273074015
-0.815              -1.32659089510564
-0.825              -1.30213143634823
-0.835              -1.27007455244547
-0.839314113637972  -1.25
-0.845              -1.22905961171224
-0.855              -1.19651716205527
-0.865              -1.16372145807727
-0.868730892613402  -1.15
-0.875              -1.13228032335764
-0.885              -1.10167527330294
-0.895              -1.062692144926
-0.897573248702871  -1.05
-0.905              -1.0169410940667
-0.915              -0.961976598219332
-0.917093380850617  -0.95
-0.925              -0.914923556801414
-0.935              -0.862095340114214
-0.937037383984569  -0.85
-0.945              -0.812517747426993
-0.955              -0.772440386526634
-0.95942271675906   -0.75
-0.965              -0.725249194429802
-0.975              -0.660663471199657
-0.976486496191351  -0.65
-0.985              -0.597071988156069
-0.992596818252822  -0.55
-0.995              -0.53689442622413
-1.005              -0.492808475438412
-1.01334550795938   -0.45
-1.015              -0.441683256752419
-1.025              -0.375867222578109
-1.0281024932739    -0.35
-1.035              -0.290950816499083
-1.04057381066232   -0.25
-1.045              -0.210726731709077
-1.05287879169679   -0.15
-1.055              -0.118429023116627
