0.035               -3.95430598930541
0.037               -3.95960958487485
0.0384552506890505  -3.95
0.039               -3.94668747001106
0.0401325971231716  -3.93
0.0407848823679783  -3.91
0.041               -3.89779515310164
0.0412430136872436  -3.89
0.0419983384032436  -3.87
0.0426160059944889  -3.85
0.0429745338450608  -3.83
0.043               -3.82813414687324
0.0436060311364856  -3.81
0.0441104169648222  -3.79
0.0445652190954317  -3.77
0.0449108975083357  -3.75
0.045               -3.74533414367494
0.0457160629931147  -3.73
0.0464682707221048  -3.71
0.0469217361297123  -3.69
0.047               -3.685729541576
0.0475929474639875  -3.67
0.0481828646330559  -3.65
0.0486568963243055  -3.63
0.049               -3.61042101629865
0.0490184259405943  -3.61
0.0498739961725656  -3.59
0.0504967101799776  -3.57
0.051               -3.55009451417073
0.0510051318832653  -3.55
0.0520112264118877  -3.53
0.0524951299659017  -3.51
0.0528638957304409  -3.49
0.053               -3.48351553886917
0.0536402145566231  -3.47
0.0543502665638463  -3.45
0.0548769642301847  -3.43
0.055               -3.42615618187174
0.0558485414004886  -3.41
0.0565845496904355  -3.39
0.0569777988259479  -3.37
0.057               -3.36848200574619
0.0576476558959736  -3.35
0.0583568202617787  -3.33
0.058997014693635   -3.31
0.059               -3.30991219830476
0.0601072136512358  -3.29
0.0607560072145606  -3.27
0.061               -3.26016423987083
0.0615451710388675  -3.25
0.0624452776767909  -3.23
0.063               -3.21259103946943
0.0631502850934092  -3.21
0.0642038851970335  -3.19
0.0649296459620731  -3.17
0.065               -3.16777900500527
0.0659700208038223  -3.15
0.0666937120240223  -3.13
0.067               -3.12228345223466
0.0677734601067938  -3.11
0.0686684458511504  -3.09
0.069               -3.07781126768153
0.069380342586285   -3.07
0.0702244973023561  -3.05
0.0709749700135714  -3.03
0.071               -3.02945602983935
0.0724699970613316  -3.01
0.073               -2.99346096025251
0.0731653502109152  -2.99
0.0738730694523353  -2.97
0.0747152381111963  -2.95
0.075               -2.94432075471552
0.0760833430596482  -2.93
0.0769658447495729  -2.91
0.077               -2.90902947490623
0.0779991443861688  -2.89
0.0787986168691523  -2.87
0.079               -2.86559680376513
0.0801566507604496  -2.85
0.081               -2.83619232972212
0.0814454953598567  -2.83
0.0826790742047256  -2.81
0.083               -2.80220499782366
0.083686038740193   -2.79
0.0845185012518184  -2.77
0.085               -2.76023311012745
0.0857782725113784  -2.75
0.0868811451859731  -2.73
0.087               -2.72738227225179
0.0881926086619327  -2.71
0.089               -2.69449487878317
0.0893281667693297  -2.69
0.0906847607769475  -2.67
0.091               -2.66508219523003
0.0921617583119061  -2.65
0.093               -2.63308735761889
0.0931939603511446  -2.63
0.0942948849688172  -2.61
0.095               -2.59777339187257
0.0956569279410061  -2.59
0.097               -2.5736256390143
0.0973275230536787  -2.57
0.0986909962193385  -2.55
0.099               -2.5445558861026
0.100231873231119   -2.53
0.101               -2.52062619649425
0.101863926218703   -2.51
0.102977331412459   -2.49
0.103               -2.48963581283919
0.104447473948381   -2.47
0.105               -2.45923864355812
0.105621538302882   -2.45
0.106873580553628   -2.43
0.107               -2.42842509994156
0.108718239885789   -2.41
0.109               -2.40657531458828
0.110515637361686   -2.39
0.111               -2.38350160816646
0.112148618265396   -2.37
0.113               -2.35901931827093
0.113739239305685   -2.35
0.115               -2.33400413012883
0.115347905389493   -2.33
0.116742111480833   -2.31
0.117               -2.30563972424816
0.118176791329941   -2.29
0.119               -2.27823296965123
0.119769084133234   -2.27
0.121               -2.25811552613847
0.121846920711856   -2.25
0.123               -2.23772436440715
0.123722502827914   -2.23
0.125               -2.21718510318187
0.12575213568857    -2.21
0.127               -2.19330339129407
0.127258873129538   -2.19
0.128630909810773   -2.17
0.129               -2.1649917180721
0.130369595870749   -2.15
0.131               -2.14333781852484
0.132528240454808   -2.13
0.133               -2.12609423094106
0.134902113260017   -2.11
0.135               -2.10909487756298
0.136856874496477   -2.09
0.137               -2.08864219667422
0.138910241803108   -2.07
0.139               -2.0691942799956
0.141               -2.05030918444966
0.141030832800763   -2.05
0.143               -2.03127355877046
0.143140333743353   -2.03
0.145               -2.01488029039539
0.145545813123103   -2.01
0.147               -1.9963606873093
0.147673747710268   -1.99
0.149               -1.97918254505604
0.150175920686981   -1.97
0.151               -1.96265826392689
0.152200149899068   -1.95
0.153               -1.94156830353732
0.154266321268084   -1.93
0.155               -1.92496800710366
0.156698075117412   -1.91
0.157               -1.90737229225492
0.158745809345636   -1.89
0.159               -1.88757864906913
0.160992991965786   -1.87
0.161               -1.86995203519423
0.163               -1.85920154514313
0.164216677277533   -1.85
0.165               -1.84395769008947
0.166420787663694   -1.83
0.167               -1.82503778288121
0.16883654746122    -1.81
0.169               -1.80888664197941
0.171               -1.79725529200719
0.171770764173804   -1.79
0.173               -1.77583494142718
0.173497152065552   -1.77
0.175               -1.75751995681856
0.176085180836807   -1.75
0.177               -1.74590040699072
0.179               -1.73478886041112
0.179630712613267   -1.73
0.181               -1.72124188123411
0.182554507896451   -1.71
0.183               -1.70733728357694
0.185               -1.69543788436422
0.185838820549938   -1.69
0.187               -1.6833781900933
0.189               -1.67019299297077
0.189026913674263   -1.67
0.191               -1.65715362147641
0.192096745364489   -1.65
0.193               -1.6448626444714
0.194558575226802   -1.63
0.195               -1.62630112534523
0.19661598476109    -1.61
0.197               -1.60635264292328
0.199               -1.59374489233832
0.199757419324286   -1.59
0.201               -1.58605093976221
0.203               -1.57626407399394
0.203979346953804   -1.57
0.205               -1.56337532170693
0.206939195945516   -1.55
0.207               -1.54949890905128
0.209               -1.53991124644976
0.210474772591567   -1.53
0.211               -1.5263191469248
0.212898422641012   -1.51
0.213               -1.50944005632453
0.215               -1.49862429716582
0.216413025965175   -1.49
0.217               -1.48697329749877
0.219               -1.47648035785276
0.219844729083862   -1.47
0.221               -1.46236321961097
0.2229772927998     -1.45
0.223               -1.44992395247932
0.225               -1.44305445443591
0.227               -1.4314494946417
0.227239822858371   -1.43
0.229               -1.42048075731268
0.231               -1.4100582871858
0.231012307541228   -1.41
0.233               -1.40270112031099
0.235               -1.39065315001959
0.23508770760289    -1.39
0.237               -1.37743535470415
0.238080577852039   -1.37
0.239               -1.36543787154566
0.241               -1.35744076670088
0.242547897274518   -1.35
0.243               -1.34774556904989
0.245               -1.33537179912555
0.245862985245876   -1.33
0.247               -1.32349343579808
0.249               -1.31296968944853
0.24960364567317    -1.31
0.251               -1.30444526230672
0.253               -1.29665669167593
0.254283346137373   -1.29
0.255               -1.28678745937159
0.257               -1.27618151261677
0.257954536137348   -1.27
0.259               -1.26366134599118
0.261               -1.25281196788102
0.261524276886635   -1.25
0.263               -1.24348804036981
0.265               -1.23405037476084
0.265749748471415   -1.23
0.267               -1.22191701838319
0.268676729943341   -1.21
0.269               -1.20717042972303
0.271               -1.19483957237288
0.272306880758666   -1.19
0.273               -1.18752460867368
0.275               -1.18330099416241
0.277               -1.1786923815024
0.279               -1.17449517262593
0.280763343101793   -1.17
0.281               -1.16917197580596
0.283               -1.15153445939949
0.283152397364095   -1.15
0.285               -1.134724086593
0.286796398695435   -1.13
0.287               -1.12922871209612
0.289               -1.12394998941274
0.291               -1.11323703312227
0.291347411482409   -1.11
0.291               -1.09989721074365
0.289902436616399   -1.09
0.289               -1.08785630381225
0.287               -1.08920053471621
0.286441803510205   -1.09
0.285               -1.09292280502104
0.283               -1.09566085416296
0.281               -1.09751900349835
0.279               -1.09842585211358
0.277               -1.10168538730039
0.275140975372575   -1.11
0.275               -1.11076724249495
0.273               -1.12288402852977
0.271027135363495   -1.13
0.271               -1.13011892781424
0.269               -1.13366629836261
0.267               -1.14162613908577
0.265689621254161   -1.15
0.265               -1.15544027978519
0.263               -1.16368901451713
0.261553891939918   -1.17
0.261               -1.17204757626564
0.259               -1.17804725688565
0.257               -1.18419016405209
0.255747861276505   -1.19
0.255               -1.19269594683538
0.253               -1.19779622929005
0.251               -1.20345903526686
0.249653838253526   -1.21
0.249               -1.21278871093095
0.247               -1.2215323561418
0.245388995404696   -1.23
0.245               -1.23188477712553
0.243               -1.23902282884139
0.241               -1.24461311608273
0.239852820115294   -1.25
0.239               -1.25345202654338
0.237               -1.26145738043234
0.235               -1.26850956468817
0.23469404513401    -1.27
0.233               -1.27635479576373
0.231               -1.2893434999728
0.230894504922908   -1.29
0.229               -1.30025149736015
0.227189710841747   -1.31
0.227               -1.3106908708532
0.225               -1.31637568227992
0.223               -1.32253771703735
0.221044093411252   -1.33
0.221               -1.33011341483719
0.219               -1.33537307458133
0.217               -1.34793304945793
0.216730889973119   -1.35
0.215               -1.361233212714
0.213               -1.36881195761392
0.212348858679004   -1.37
0.211               -1.3720772573848
0.209               -1.38286199217799
0.208209159617784   -1.39
0.207               -1.39820245343792
0.205401901888969   -1.41
0.205               -1.41252065554468
0.203               -1.42270497092313
0.201235844210791   -1.43
0.201               -1.4306213858348
0.199               -1.43526697491314
0.197               -1.44388378538493
0.196204603028372   -1.45
0.195               -1.45828624956227
0.193623420808695   -1.47
0.193               -1.47452425127448
0.19115509893351    -1.49
0.191               -1.49115888704849
0.189               -1.50714706506411
0.188584312935911   -1.51
0.187               -1.51833402282328
0.185               -1.52533290173399
0.183999894884611   -1.53
0.183               -1.53361270095196
0.181               -1.54457976731415
0.180229965049149   -1.55
0.179               -1.55574150845661
0.177               -1.56804979534233
0.176687256631523   -1.57
0.175               -1.57921679348407
0.173247804142834   -1.59
0.173               -1.59127567714963
0.171               -1.60105917991478
0.169647631859302   -1.61
0.169               -1.61347766529797
0.167               -1.62907935441922
0.166891769424608   -1.63
0.165               -1.64641269911976
0.164576069030276   -1.65
0.163               -1.66104731462419
0.161902292968413   -1.67
0.161               -1.67580529681026
0.159               -1.6890190474415
0.15886527058424    -1.69
0.157               -1.70090060362579
0.155923663032524   -1.71
0.155               -1.71747974645702
0.15363328374955    -1.73
0.153               -1.73489665824301
0.151049339191799   -1.75
0.151               -1.75033894557651
0.149               -1.76253682439202
0.14809532521108    -1.77
0.147               -1.77865646966402
0.145741554618475   -1.79
0.145               -1.79576517458299
0.143066727481572   -1.81
0.143               -1.81051755630998
0.141               -1.82965032231781
0.140967723322169   -1.83
0.139               -1.84961051287382
0.138958464624594   -1.85
0.137               -1.86287250063962
0.13583269868945    -1.87
0.135               -1.87364072877507
0.133               -1.88645899481769
0.132592817248489   -1.89
0.131               -1.90701441875811
0.130742887193645   -1.91
0.129411392801313   -1.93
0.129               -1.93521993069211
0.12757489047219    -1.95
0.127               -1.95502050343113
0.125321347435024   -1.97
0.125               -1.9726139194687
0.123               -1.98875369723532
0.122851702026164   -1.99
0.121               -2.00540353113694
0.120542274223245   -2.01
0.119               -2.02713032080455
0.118730355624171   -2.03
0.117               -2.04488871771749
0.116321407276399   -2.05
0.115               -2.0584930858376
0.113662405116428   -2.07
0.113               -2.07742808348335
0.112012113367731   -2.09
0.111               -2.10811531781338
0.110865290373852   -2.11
0.109               -2.12861950559959
0.108838855435494   -2.13
0.107               -2.14593133368187
0.106564283399045   -2.15
0.105080508398735   -2.17
0.105               -2.17111831462986
0.103482558471637   -2.19
0.103               -2.19699144027738
0.102050184437224   -2.21
0.101               -2.22665589770721
0.100733504367521   -2.23
0.0991008401478726  -2.25
0.099               -2.25120099726239
0.0971190216566229  -2.27
0.097               -2.27132683455991
0.0953971998537046  -2.29
0.095               -2.29472731754114
0.0935853451433823  -2.31
0.093               -2.31792816449221
0.0920416314025366  -2.33
0.091               -2.34866592509997
0.090901755997224   -2.35
0.0894890206647721  -2.37
0.089               -2.37790724169964
0.08802742589302    -2.39
0.087               -2.40605462177992
0.0866321085577905  -2.41
0.085               -2.42833539281741
0.0848692723385924  -2.43
0.0834843269925275  -2.45
0.083               -2.46074737087577
0.0824413188092255  -2.47
0.0812662581331859  -2.49
0.081               -2.49376872884631
0.0796544056612838  -2.51
0.079               -2.5224682466381
0.0784838599636952  -2.53
0.0774699399872895  -2.55
0.077               -2.55859618669214
0.0761319255293255  -2.57
0.0750937594648062  -2.59
0.075               -2.5922477996728
0.0738927203904649  -2.61
0.0730100443165419  -2.63
0.073               -2.63020070524701
0.071611564567145   -2.65
0.071               -2.66383808422145
0.0706045418069742  -2.67
0.069421596044691   -2.69
0.069               -2.69768593829325
0.0680494372744473  -2.71
0.0670152458889516  -2.73
0.067               -2.73034828295576
0.0657742335492292  -2.75
0.065               -2.76604511493453
0.0647260574058515  -2.77
0.0635027542535073  -2.79
0.063               -2.8041355158807
0.0626684281794612  -2.81
0.0616006449100147  -2.83
0.061               -2.84765887589104
0.0608605049704591  -2.85
0.0598602023251099  -2.87
0.0590101699748658  -2.89
0.059               -2.89019971597445
0.0575812068068891  -2.91
0.057               -2.92758037715312
0.0568700238917683  -2.93
0.0560298891167059  -2.95
0.0553194396063346  -2.97
0.055               -2.981823515436
0.0545571972257589  -2.99
0.0535551478715558  -3.01
0.053               -3.02122652462826
0.0523481786725222  -3.03
0.0512672975056461  -3.05
0.051               -3.05949931712849
0.0505427060435948  -3.07
0.049970605820086   -3.09
0.0495130793897211  -3.11
0.0490809265556037  -3.13
0.049               -3.13319259423281
0.0481146440859444  -3.15
0.0472840349764601  -3.17
0.047               -3.17986782628837
0.0464483620368858  -3.19
0.0457575413412466  -3.21
0.0452060819028414  -3.23
0.045               -3.23720247797017
0.0442937620230529  -3.25
0.0435630567745048  -3.27
0.0431168330058027  -3.29
0.043               -3.29470154657394
0.0422798201028612  -3.31
0.0416497286324593  -3.33
0.0412941758844449  -3.35
0.041               -3.36546362094815
0.0407874867652978  -3.37
0.0396959230964708  -3.39
0.0391577754324504  -3.41
0.039               -3.42147105820883
0.0387077666227979  -3.43
0.0380690504548399  -3.45
0.037496747624305   -3.47
0.0370866551781392  -3.49
0.037               -3.49494778226878
0.0363336506537661  -3.51
0.0355597233586526  -3.53
0.035               -3.54952170627465
