-1.165              0.320396813983961
-1.16560183000213   0.325
-1.1667428749408    0.375
-1.165              0.387384125723428
-1.155              0.415090800953243
-1.145              0.413456817396412
-1.135              0.395566680061918
-1.125              0.382787609700316
-1.115              0.376958360855717
-1.11317240505841   0.375
-1.105              0.369595782588995
-1.095              0.360889668775186
-1.085              0.348470314039956
-1.075              0.326497661567819
-1.07442910806948   0.325
-1.065              0.31031898163535
-1.055              0.289376096820787
-1.05019107867901   0.275
-1.045              0.264805753612723
-1.035              0.23725318018014
-1.03128857972426   0.225
-1.025              0.209815619992767
-1.015              0.176557683675655
-1.01457655245205   0.175
-1.005              0.153020482911384
-0.996524425595745  0.125
-0.995              0.121613305716017
-0.985              0.0966046866316719
-0.979322930868448  0.0749999999999998
-0.975              0.0622373349971617
-0.965              0.025299016706711
-0.964916202343911  0.0249999999999998
-0.955              -0.000943290952830512
-0.948930909820122  -0.025
-0.945              -0.0361721307729635
-0.935              -0.0700938363810559
-0.933729977349084  -0.0750000000000001
-0.925              -0.104637889185358
-0.920442283531566  -0.125
-0.915              -0.146648769055922
-0.908437922853912  -0.175
-0.905              -0.187478063812514
-0.895589752376674  -0.225
-0.895              -0.226979135426414
-0.885              -0.25353645381694
-0.879479993127759  -0.275
-0.875              -0.295629397053918
-0.869701625537718  -0.325
-0.865              -0.355289077266195
-0.861419012156381  -0.375
-0.855              -0.409710203067746
-0.851833519433932  -0.425
-0.845              -0.454013366653132
-0.840002357144229  -0.475
-0.835              -0.494251048230974
-0.827484617069557  -0.525
-0.825              -0.535592560123252
-0.815886246061342  -0.575
-0.815              -0.581394812747249
-0.809381851620284  -0.625
-0.805002348437622  -0.675
-0.805              -0.675020228347772
-0.797608982247852  -0.725
-0.795              -0.741667898103586
-0.78863939454717   -0.775
-0.785              -0.799409019745385
-0.781011220806273  -0.825
-0.776737160360646  -0.875
-0.775              -0.907158688371038
-0.773469426546866  -0.925
-0.775              -0.974150501360058
-0.775026872722178  -0.975
-0.783006420587685  -1.025
-0.785              -1.0344718514605
-0.795              -1.06617235127053
-0.79991908874391   -1.075
-0.805              -1.08267550062763
-0.814099250316963  -1.075
-0.815              -1.07443554544373
-0.825              -1.05813249150168
-0.835              -1.04293926950029
-0.842598370562273  -1.025
-0.845              -1.02036103471896
-0.855              -0.99582072327447
-0.863268438250227  -0.975
-0.865              -0.971802051962011
-0.875              -0.953742536084173
-0.884698968935482  -0.925
-0.885              -0.924441705984512
-0.895              -0.898180850756464
-0.901982364599372  -0.875
-0.905              -0.866863453825447
-0.915              -0.838071624276853
-0.918703109191132  -0.825
-0.925              -0.806990883066511
-0.934405424359977  -0.775
-0.935              -0.773587531713103
-0.945              -0.745582909996624
-0.950668382655522  -0.725
-0.955              -0.711802698352183
-0.965              -0.681047327332522
-0.966702166648931  -0.675
-0.975              -0.643290072205643
-0.978528586236531  -0.625
-0.985              -0.595265386010476
-0.989689665076037  -0.575
-0.995              -0.554384206636285
-1.00163238460451   -0.525
-1.005              -0.512153366227645
-1.01330902710357   -0.475
-1.015              -0.468693518719256
-1.02473326674223   -0.425
-1.025              -0.423983304243616
-1.035              -0.380801457638659
-1.03621007202307   -0.375
-1.045              -0.337663916019188
-1.04793436567101   -0.325
-1.055              -0.299228665330113
-1.06092006554658   -0.275
-1.065              -0.259627596399903
-1.07308097123389   -0.225
-1.075              -0.216356819278209
-1.08393640647315   -0.175
-1.085              -0.169902589040023
-1.09368708186228   -0.125
-1.095              -0.117642885733699
-1.10315931602521   -0.0750000000000001
-1.105              -0.0659677007737596
-1.11365211401672   -0.025
-1.115              -0.0186067658022549
-1.12478938038826   0.0249999999999998
-1.125              0.0260868438595736
-1.135              0.0739226002610499
-1.1352178411153    0.0749999999999998
-1.14370829452469   0.125
-1.145              0.141198626570992
-1.1484972936637    0.175
-1.15333884084757   0.225
-1.155              0.238279201942707
-1.16007751923266   0.275
-1.165              0.320396813983961
